Compilation Results:
********************

Test Input = 5 5 5
Matrix A:
5.53 5.38 1.34 2.81 7.24 
1.53 3.69 9.84 4.87 4.91 
1.88 2.29 4.49 9.62 0.30 
5.95 7.99 4.13 7.25 5.57 
7.67 1.95 4.63 8.58 7.56 

Matrix B:
4.47 8.07 2.68 9.22 8.18 
2.51 8.27 7.08 7.37 1.08 
4.32 8.91 8.29 7.68 3.78 
3.20 3.09 9.59 1.22 6.23 
3.41 0.69 4.22 7.55 7.94 

Matrix C:
0.00 0.00 0.00 0.00 0.00 
0.00 0.00 0.00 0.00 0.00 
0.00 0.00 0.00 0.00 0.00 
0.00 0.00 0.00 0.00 0.00 
0.00 0.00 0.00 0.00 0.00 

Incorrect.

Test Input = 7 3 9
Matrix A:
5.53 5.38 1.34 
2.81 7.24 1.53 
3.69 9.84 4.87 
4.91 1.88 2.29 
4.49 9.62 0.30 
5.95 7.99 4.13 
7.25 5.57 7.67 

Matrix B:
1.95 4.63 8.58 7.56 4.47 8.07 2.68 9.22 8.18 
2.51 8.27 7.08 7.37 1.08 4.32 8.91 8.29 7.68 
3.78 3.20 3.09 9.59 1.22 6.23 3.41 0.69 4.22 

Matrix C:
0.00 0.00 0.00 0.00 0.00 0.00 0.00 0.00 0.00 
0.00 0.00 0.00 0.00 0.00 0.00 0.00 0.00 0.00 
0.00 0.00 0.00 0.00 0.00 0.00 0.00 0.00 0.00 
0.00 0.00 0.00 0.00 0.00 0.00 0.00 0.00 0.00 
0.00 0.00 0.00 0.00 0.00 0.00 0.00 0.00 0.00 
0.00 0.00 0.00 0.00 0.00 0.00 0.00 0.00 0.00 
0.00 0.00 0.00 0.00 0.00 0.00 0.00 0.00 0.00 

Incorrect.

Grade: 0
******
Late submission: 0
Functionality:
Total: 
